508-147214 132.7106831 +11.5525564
508-147217 132.7126058 +11.5530981 15.073  0.337 14.067  0.030
508-147193 132.6796432 +11.5740775
508-147203 132.6943458 +11.5545925
508-147178 132.6598594 +11.5921956 17.285  0.001 16.667  0.001
508-147192 132.6761754 +11.5726708 17.947  0.120 17.307  0.001
509-150203 132.6504292 +11.6183167 16.883  0.370 15.826  0.000
509-150205 132.6507983 +11.6160297
509-150180 132.6138722 +11.6255922
509-150183 132.6208686 +11.6359056 14.198  0.380 13.667  0.033
509-150186 132.6234261 +11.6182744
509-150189 132.6274050 +11.6215617
509-150191 132.6277558 +11.6272289
509-150179 132.6123819 +11.6477686
509-150168 132.5977572 +11.6609042
509-150170 132.6007583 +11.6661197 14.799  0.410 13.772  0.030
508-147361 132.8952047 +11.5185039 14.314  0.268 13.922  0.037
508-147364 132.8983767 +11.5297528 15.445  0.269 14.796  0.031
508-147372 132.9264632 +11.5352872 13.546  0.267 13.068  0.029
508-147373 132.9269344 +11.5332150
508-147333 132.8535569 +11.5285878 14.280  0.289 13.853  0.030
508-147338 132.8618352 +11.5357161
508-147355 132.8844342 +11.5259953
508-147359 132.8896406 +11.5524839
508-147367 132.9085352 +11.5469503
508-147402 132.9688994 +11.5431914
508-147420 132.9867100 +11.5639692 17.385  0.078
508-147421 132.9879619 +11.5723536
508-147425 132.9972664 +11.5741208 15.599  0.242 14.999  0.017
508-147434 133.0183511 +11.5693972
508-147435 133.0207453 +11.5688050
509-150675 133.0175836 +11.6000281 16.811  0.017 15.830  0.018
508-147378 132.9492506 +11.5734261
508-147379 132.9496275 +11.5792969 14.494  0.269 13.574  0.023
508-147382 132.9517883 +11.5543769 12.567  0.257 11.715  0.043
508-147389 132.9579722 +11.5551247 13.051  0.256 12.585  0.034
508-147390 132.9596603 +11.5522053
508-147370 132.9096808 +11.5743139 17.746  0.186 16.434  0.001
508-147371 132.9178511 +11.5652914
508-147376 132.9426808 +11.5903231
508-147404 132.9701539 +11.5827431 15.448  0.248 14.769  0.016
508-147411 132.9775842 +11.5951564
508-147414 132.9801706 +11.5926283
509-150622 132.9784864 +11.6051525
509-150631 132.9821017 +11.6053867
509-150656 133.0018208 +11.6179747
509-150662 133.0098239 +11.6027692
509-150663 133.0106878 +11.6005203 15.093  0.225 14.547  0.041
509-150576 132.9419378 +11.6048592 11.563  0.258 10.983  0.027
509-150584 132.9474261 +11.6121458 16.395  0.025 15.781  0.059
509-150592 132.9532164 +11.6065744
509-150601 132.9608364 +11.6094014 13.697  0.246 13.328  0.024
509-150603 132.9626046 +11.6173983 13.657  0.296 13.230  0.036
509-150608 132.9662086 +11.6131619
509-150609 132.9668998 +11.6222628
509-150621 132.9784307 +11.6429389
508-147296 132.8096744 +11.5238444
508-147308 132.8216436 +11.5317183
508-147311 132.8231039 +11.5299519 16.167  0.245 15.330  0.069
508-147320 132.8304687 +11.5427431 14.064  0.291 13.635  0.030
508-147323 132.8361208 +11.5244964 14.458  0.289 13.936  0.029
508-147274 132.7837369 +11.5275286 17.237  0.111 16.560  0.063
508-147279 132.7855500 +11.5507989
508-147291 132.8051513 +11.5402542
508-147295 132.8084869 +11.5584753 13.665  0.303 13.194  0.037
508-147325 132.8395106 +11.5520128 16.289  0.247 15.299  0.043
508-147335 132.8580441 +11.5499997 13.056  0.285 12.580  0.033
508-147341 132.8662353 +11.5825664 15.425  0.286 14.767  0.030
508-147343 132.8674622 +11.5764586
508-147346 132.8730706 +11.5746075
508-147347 132.8741668 +11.5774547
508-147354 132.8815564 +11.5733744 16.998  0.459 16.255  0.102
508-147301 132.8146944 +11.5752044
508-147306 132.8197197 +11.5812683 17.044  0.336 16.010  0.055
508-147316 132.8289819 +11.5808986
508-147317 132.8293781 +11.5794875
508-147315 132.8285497 +11.5882278
508-147324 132.8390892 +11.5844558
508-147329 132.8497864 +11.5806450 14.488  0.304 13.855  0.037
508-147331 132.8509753 +11.5857564
508-147336 132.8602222 +11.5848117 16.837  0.197 16.372  0.001
508-147244 132.7461642 +11.5547772
508-147246 132.7464972 +11.5515072 15.467  0.312 14.757  0.054
508-147251 132.7554314 +11.5638814
508-147258 132.7621881 +11.5570483 16.469  0.338 15.594  0.034
508-147260 132.7637683 +11.5533314
508-147263 132.7677808 +11.5740133
508-147268 132.7732176 +11.5785872 16.170  0.017 15.994  0.112
508-147272 132.7803700 +11.5674303
508-147273 132.7815778 +11.5794206
508-147282 132.7886897 +11.5591528 15.249  0.283 14.625  0.030
508-147283 132.7938257 +11.5647269
508-147222 132.7207305 +11.5711436 16.694  0.348 16.055  0.047
508-147238 132.7394389 +11.5826047
508-147253 132.7576836 +11.5669669 14.578  0.312 13.892  0.023
508-147241 132.7410386 +11.5874311 14.484  0.318 13.945  0.036
508-147252 132.7571453 +11.5959347
508-147255 132.7603647 +11.5924208
508-147257 132.7609403 +11.5797003 15.131  0.326 14.223  0.026
508-147266 132.7691603 +11.5899306
508-147277 132.7849175 +11.5879119
508-147284 132.7951031 +11.5848094 16.370  0.293 15.764  0.080
508-147286 132.7969441 +11.5838953
508-147290 132.8029100 +11.5989653
508-147293 132.8074557 +11.5860253
508-147310 132.8218108 +11.5868900 17.580  0.048 16.500  0.125
508-147321 132.8307350 +11.5918353
509-150367 132.8175278 +11.6158561
509-150400 132.8346992 +11.6025611
508-147270 132.7772069 +11.5996825
508-147271 132.7796890 +11.5968328
509-150309 132.7638383 +11.6037183
509-150324 132.7794383 +11.6003225
509-150328 132.7808869 +11.6148544 13.788  0.324 13.304  0.034
509-150330 132.7825397 +11.6235828
509-150338 132.7913225 +11.6240694 17.591  0.087 16.399  0.001
509-150355 132.8065997 +11.6181281 16.325  0.359 15.545  0.031
508-147348 132.8746794 +11.5864122 13.082  0.280 12.598  0.034
508-147360 132.8924369 +11.5998711 15.902  0.266 14.752  0.046
508-147363 132.8977803 +11.5755792 15.092  0.274 14.510  0.040
509-150522 132.9042011 +11.6143264
509-150526 132.9065492 +11.6029383 16.677  0.026 16.210  0.035
509-150527 132.9070156 +11.6176931 12.570  0.267 12.278  0.024
509-150532 132.9114711 +11.6028719
509-150546 132.9197564 +11.6173567
509-150550 132.9229403 +11.6082347
509-150552 132.9257936 +11.6022728
509-150559 132.9294128 +11.6079942 14.592  0.255 13.993  0.040
508-147340 132.8652258 +11.5970981
509-150443 132.8598442 +11.6168525
509-150455 132.8651536 +11.6042508
509-150463 132.8705862 +11.6049186
509-150477 132.8772436 +11.6027531 16.742  0.044 15.829  0.039
509-150488 132.8839575 +11.6034642 13.655  0.282 13.166  0.030
509-150482 132.8813764 +11.6169319
509-150483 132.8816261 +11.6148689
509-150495 132.8853244 +11.6236444
509-150501 132.8901825 +11.6426900 16.708  0.094 15.883  0.080
509-150506 132.8932714 +11.6201386
509-150507 132.8934983 +11.6325992 13.534  0.260 13.049  0.019
509-150555 132.9274831 +11.6136844
509-150574 132.9408281 +11.6458639
509-150582 132.9456089 +11.6394144
509-150606 132.9650019 +11.6490942
509-150614 132.9726841 +11.6423819 13.018  0.231 12.544  0.028
509-150519 132.9006181 +11.6489558 14.297  0.261 13.794  0.026
509-150528 132.9089611 +11.6424197
509-150533 132.9117156 +11.6505269 17.129  0.013 16.427  0.034
509-150534 132.9124300 +11.6383797
509-150538 132.9142772 +11.6300189
509-150548 132.9222517 +11.6355619 17.177  0.354 16.225  0.101
509-150561 132.9306208 +11.6702789 16.767  0.256 16.254  0.058
509-150564 132.9324108 +11.6462886
509-150571 132.9371653 +11.6496928 13.887  0.001 13.420  0.001
509-150406 132.8377736 +11.6159756
509-150418 132.8425261 +11.6330942
509-150425 132.8462549 +11.6159075
509-150452 132.8621432 +11.6191614
509-150438 132.8550286 +11.6378089 15.698  0.292 15.011  0.044
509-150441 132.8582793 +11.6496478
509-150448 132.8603064 +11.6435594 14.039  0.289 13.540  0.030
509-150461 132.8691812 +11.6420714 15.447  0.308 14.773  0.043
509-150467 132.8720114 +11.6307753
509-150485 132.8830044 +11.6380494 17.569  0.093 16.413  0.063
509-150376 132.8232961 +11.6600031 13.945  0.300 13.437  0.034
509-150377 132.8235122 +11.6361089
509-150380 132.8244807 +11.6272158
509-150387 132.8266768 +11.6426894
509-150395 132.8324116 +11.6323172
509-150383 132.8260311 +11.6618072
509-150404 132.8365957 +11.6611297 14.059  0.285 13.552  0.015
509-150411 132.8398619 +11.6523528 13.956  0.284 13.530  0.025
509-150416 132.8422531 +11.6774011
509-150422 132.8450247 +11.6750233
509-150427 132.8465903 +11.6541139 15.396  0.291 14.722  0.032
509-150432 132.8494244 +11.6478003 14.950  0.294 14.379  0.027
509-150494 132.8852686 +11.6548650
509-150510 132.8951417 +11.6724658
509-150514 132.8980500 +11.6630328 14.804  0.246 14.185  0.030
509-150515 132.8983078 +11.6589311
509-150520 132.9010547 +11.6612831
509-150516 132.8985997 +11.6861061
509-150529 132.9100242 +11.6916911 17.334  0.309 16.054  0.008
509-150530 132.9105918 +11.6661250
509-150543 132.9164281 +11.6742725
509-150558 132.9291533 +11.6832139 15.606  0.236 14.881  0.022
509-150435 132.8523728 +11.6808072
509-150440 132.8570503 +11.6824492
509-150444 132.8600011 +11.6701697 14.454  0.287 13.712  0.033
509-150446 132.8601995 +11.6797706 16.985  0.001 16.494  0.008
509-150456 132.8663836 +11.6674611
509-150459 132.8682808 +11.6988039
509-150472 132.8753456 +11.6877606
509-150475 132.8766569 +11.6953958
509-150496 132.8857014 +11.7014331 15.048  0.262 14.353  0.024
509-150499 132.8885931 +11.7060200
509-150511 132.8961709 +11.7129744 17.843  0.109 16.769  0.001
508-147451 133.0449411 +11.5952919
509-150692 133.0380522 +11.6162164
509-150695 133.0403742 +11.6075650
509-150709 133.0527300 +11.6152686
509-150708 133.0520736 +11.6273386
509-150710 133.0539097 +11.6180033
509-150714 133.0565286 +11.6288644
509-150715 133.0569764 +11.6165817
509-150735 133.0789154 +11.6322447 16.810  0.309 15.884  0.021
509-150730 133.0724497 +11.6413442 17.298  0.285 16.085  0.019
509-150738 133.0838925 +11.6296178
509-150741 133.0872375 +11.6517606 13.525  0.212 13.062  0.046
509-150743 133.0915036 +11.6452200
509-150745 133.0928963 +11.6502894
509-150660 133.0077256 +11.6191944
509-150684 133.0265014 +11.6252892 15.110  0.243 14.530  0.032
509-150686 133.0290895 +11.6285714
509-150690 133.0353647 +11.6226133 15.609  0.222 15.092  0.036
509-150683 133.0261853 +11.6447247 13.733  0.198 13.318  0.028
509-150693 133.0392519 +11.6465797 15.498  0.214 14.864  0.044
509-150697 133.0412308 +11.6366778
509-150700 133.0440339 +11.6417397 17.307  0.397 16.508  0.068
509-150706 133.0499064 +11.6306842
509-150707 133.0501682 +11.6352753
509-150718 133.0576982 +11.6380242
509-150640 132.9895933 +11.6523567
509-150643 132.9933422 +11.6459817 16.575  0.210 15.813  0.035
509-150646 132.9941792 +11.6446178
509-150657 133.0029269 +11.6389619
509-150681 133.0239007 +11.6474869
509-150685 133.0268199 +11.6707472 15.666  0.230 14.936  0.057
509-150691 133.0353719 +11.6586378 17.112  0.001 16.223  0.001
509-150712 133.0557892 +11.6538242
509-150722 133.0647625 +11.6657422 16.587  0.165 15.731  0.061
509-150747 133.0945528 +11.6910233
509-150696 133.0409783 +11.6666625
509-150705 133.0474483 +11.6755569 14.591  0.219 14.084  0.026
509-150716 133.0571103 +11.7008531
509-150719 133.0599706 +11.7014625
509-150723 133.0656569 +11.7178014
509-150727 133.0693489 +11.7083094 13.803  0.198 13.379  0.047
509-150729 133.0709060 +11.6856814 17.699  0.087 16.244  0.001
509-150766 133.1197135 +11.6857611
509-150767 133.1221328 +11.6879111
509-150749 133.0951042 +11.6991319
509-150758 133.1094825 +11.6987181
509-150759 133.1098547 +11.6910097 13.005  0.189 12.238  0.050
509-150769 133.1261210 +11.7139969 14.451  0.183 13.976  0.053
509-150776 133.1335388 +11.7108039
509-150777 133.1336911 +11.7363650
509-150734 133.0778297 +11.7234833 12.987  0.197 12.566  0.060
509-150737 133.0837386 +11.7107494
509-150740 133.0849025 +11.7261539
509-150750 133.0952486 +11.7199117
509-150755 133.1035178 +11.7146967
509-150756 133.1040717 +11.7245919
509-150746 133.0940075 +11.7345839
509-150761 133.1115181 +11.7494833
509-150762 133.1159475 +11.7360492 15.094  0.176 14.223  0.050
509-150771 133.1271048 +11.7397742
509-150765 133.1177311 +11.7547108 15.436  0.176 14.073  0.058
509-150770 133.1270319 +11.7442142
509-150775 133.1328501 +11.7429819 15.736  0.181 15.178  0.055
509-150781 133.1378064 +11.7566700 13.996  0.170 13.590  0.075
509-150600 132.9602847 +11.6636933
509-150605 132.9635932 +11.6599167
509-150616 132.9744983 +11.6513256 14.898  0.231 14.360  0.031
509-150618 132.9749711 +11.6597019
509-150623 132.9786147 +11.6738286 11.774  0.230 11.325  0.033
509-150624 132.9792747 +11.6806322 14.449  0.220 13.874  0.046
509-150625 132.9797724 +11.6611447 14.732  0.221 14.214  0.036
509-150632 132.9834561 +11.6538008               14.127  0.001
509-150633 132.9838489 +11.6511325               13.850  0.001
509-150637 132.9865447 +11.6790836
509-150638 132.9877925 +11.6741456
509-150649 132.9947919 +11.6721575
509-150655 132.9971693 +11.6795297
509-150658 133.0037961 +11.6855753
509-150661 133.0089061 +11.6817522
509-150668 133.0136908 +11.6748175
509-150596 132.9573772 +11.6662192 15.093  0.242 14.397  0.027
509-150613 132.9711856 +11.6815558 13.697  0.225 13.228  0.032
509-150626 132.9802155 +11.6926456
509-150627 132.9803250 +11.7129181
509-150628 132.9808422 +11.6903342 18.690  0.282 17.273  0.001
509-150639 132.9890283 +11.6915497
509-150652 132.9958575 +11.6969750 15.132  0.232 14.551  0.037
509-150669 133.0136958 +11.7112286 15.456  0.203 14.716  0.034
509-150672 133.0147924 +11.6899519 13.040  0.209 12.596  0.040
509-150677 133.0186381 +11.7154736
509-150682 133.0241617 +11.7068392 14.050  0.203 13.589  0.063
509-150702 133.0447314 +11.7349406 10.743  0.179 10.749  0.056
509-150703 133.0465958 +11.7289200
509-150717 133.0576468 +11.7191483 16.881  0.048 16.479  0.091
509-150634 132.9857213 +11.7166203
509-150642 132.9915282 +11.7273733
509-150648 132.9945272 +11.7187908
509-150651 132.9955561 +11.7304544 17.070  0.054
509-150654 132.9968417 +11.7248108
509-150665 133.0121192 +11.7270744
509-150666 133.0123138 +11.7169281
509-150674 133.0168294 +11.7191244
509-150671 133.0146558 +11.7396153
509-150673 133.0165689 +11.7505389
509-150567 132.9360203 +11.6974942 13.536  0.235 13.083  0.034
509-150573 132.9396800 +11.7028172
509-150583 132.9462208 +11.7082581 15.628  0.001 15.024  0.001
509-150579 132.9443074 +11.7124169
509-150588 132.9509192 +11.7218225
509-150589 132.9519111 +11.7063406 14.384  0.238 13.911  0.043
509-150590 132.9523064 +11.7253389
509-150594 132.9540439 +11.7277294 15.756  0.211 15.006  0.048
509-150597 132.9575344 +11.7190956
509-150531 132.9113786 +11.7103675 14.485  0.244 14.013  0.033
509-150537 132.9136781 +11.7265158 17.182  0.221 16.141  0.125
509-150540 132.9149064 +11.7030011 15.969  0.248 15.549  0.045
509-150541 132.9152008 +11.7078239
509-150542 132.9158353 +11.7151064 14.740  0.239 14.200  0.017
509-150545 132.9194322 +11.7198542
509-150551 132.9247364 +11.7269825 13.035  0.233 12.579  0.038
509-150553 132.9265947 +11.7413292
509-150557 132.9291008 +11.7437464
509-150562 132.9314247 +11.7406711 11.364  0.231 10.435  0.040
509-150563 132.9322625 +11.7541053
509-150569 132.9364281 +11.7503397
509-150575 132.9415042 +11.7359125 13.701  0.220 13.260  0.058
509-150577 132.9426553 +11.7476933
509-150585 132.9474632 +11.7451036
509-150604 132.9626639 +11.7412714
509-150611 132.9703369 +11.7354733 16.124  0.195 15.423  0.048
509-150617 132.9749086 +11.7242347 16.810  0.178 15.900  0.094
509-150629 132.9818830 +11.7275428 16.702  0.262 15.765  0.067
509-150650 132.9950672 +11.7367267
509-150653 132.9960672 +11.7354753
509-150641 132.9910864 +11.7627444 16.002  0.223 15.188  0.061
509-150667 133.0124172 +11.7510625 16.305  0.029 15.792  0.097
509-150580 132.9443747 +11.7494050 13.157  0.230 12.765  0.041
509-150581 132.9453875 +11.7534036
509-150587 132.9503742 +11.7460472
509-150593 132.9532875 +11.7518769 16.223  0.035 14.928  0.001
509-150598 132.9591140 +11.7494075 13.240  0.233 12.757  0.047
509-150599 132.9591455 +11.7685647 11.250  0.217 10.494  0.063
509-150607 132.9650439 +11.7473011 15.482  0.295 14.616  0.056
509-150610 132.9682567 +11.7642972
509-150612 132.9703780 +11.7765992
509-150615 132.9740593 +11.7762628
509-150619 132.9752761 +11.7867247
509-150630 132.9819028 +11.7786203
509-150636 132.9864014 +11.7818175
509-150645 132.9937700 +11.7813989 12.789  0.202 12.323  0.049
509-150647 132.9942508 +11.7760750
509-150721 133.0633069 +11.7292750
509-150725 133.0680853 +11.7370031
509-150728 133.0708289 +11.7306650
509-150733 133.0773592 +11.7406350 11.017  0.181 10.149  0.064
509-150739 133.0846025 +11.7395131
509-150732 133.0760481 +11.7644658
509-150751 133.0952893 +11.7568681
509-150689 133.0326269 +11.7597764 16.838  0.266 16.222  0.045
509-150699 133.0416658 +11.7531272
509-150701 133.0442475 +11.7461925
509-150704 133.0472465 +11.7605247 13.315  0.189 12.677  0.058
509-150711 133.0539247 +11.7580181
509-150713 133.0559200 +11.7670000 13.706  0.185 13.359  0.056
509-150720 133.0600007 +11.7758167 16.240  0.046 15.466  0.029
509-150724 133.0658842 +11.7755261 15.360  0.176 14.737  0.041
509-150726 133.0686992 +11.7939297 15.278  0.177 14.692  0.057
509-150754 133.1032975 +11.7740600 16.922  0.055 16.530  0.001
509-150757 133.1054847 +11.7738564
509-150763 133.1161183 +11.7662997
509-150772 133.1292340 +11.7747344
509-150773 133.1314881 +11.7793950
509-150787 133.1422528 +11.7980408
509-150791 133.1476517 +11.7962947
509-150794 133.1503007 +11.7979286
509-150742 133.0909600 +11.7796203 14.057  0.166 13.626  0.069
510-153515 133.0925642 +11.8174789
510-153517 133.0945581 +11.8138828
510-153520 133.1018803 +11.8140872
510-153522 133.1036907 +11.8139136
510-153523 133.1057206 +11.8146822
510-153526 133.1100614 +11.8302047
510-153534 133.1171875 +11.8149233 14.937  0.172 14.336  0.082
510-153535 133.1174684 +11.8099800
509-150664 133.0114692 +11.7677236 13.483  0.194 13.049  0.059
509-150676 133.0179269 +11.7748875
509-150678 133.0206749 +11.7938519 15.437  0.204 14.829  0.032
509-150679 133.0212442 +11.7725964 15.208  0.172 14.626  0.068
509-150680 133.0229950 +11.7788592 16.027  0.216 15.428  0.037
509-150687 133.0295522 +11.7760644
509-150688 133.0304128 +11.7858467 15.113  0.202 14.633  0.059
509-150694 133.0400296 +11.7794867 14.357  0.181 13.913  0.062
510-153455 133.0351689 +11.8028986
510-153457 133.0359333 +11.8043572 13.780  0.200 13.313  0.053
510-153458 133.0380497 +11.8003158
509-150698 133.0416400 +11.7901931 17.949  0.126 17.062  0.001
510-153407 132.9920363 +11.8044378
510-153411 132.9949048 +11.8094019
510-153412 132.9949425 +11.8041000
510-153420 133.0015689 +11.8037742
509-150635 132.9857372 +11.7902536 14.737  0.218 14.246  0.058
509-150644 132.9937356 +11.7999767
509-150659 133.0061439 +11.7928714
509-150670 133.0145500 +11.7966808 14.939  0.216 14.415  0.069
510-153430 133.0089469 +11.8189681 13.671  0.181 13.244  0.061
510-153446 133.0271939 +11.8021869
510-153447 133.0297456 +11.8237142 13.708  0.174 13.291  0.047
510-153467 133.0479968 +11.8123758
510-153479 133.0614429 +11.8097528
510-153487 133.0661165 +11.8040908
510-153490 133.0685554 +11.8017194
510-153492 133.0701272 +11.8086567 15.021  0.218 14.252  0.108
510-153493 133.0704530 +11.8166986
510-153499 133.0759223 +11.8198156
510-153510 133.0837075 +11.8354031
510-153511 133.0891100 +11.8449447 12.935  0.161 12.537  0.076
510-153450 133.0308747 +11.8394644 13.544  0.173 13.107  0.056
510-153452 133.0327150 +11.8305250 14.160  0.171 13.700  0.063
510-153454 133.0348756 +11.8328961
510-153461 133.0427922 +11.8207183
510-153470 133.0512061 +11.8247192
510-153474 133.0538964 +11.8295428
510-153477 133.0595495 +11.8477472 14.620  0.172 14.042  0.073
510-153482 133.0640883 +11.8618019
510-153491 133.0695989 +11.8617844 16.643  0.026 16.172  0.112
510-153495 133.0713547 +11.8616122
510-153500 133.0765955 +11.8483894
510-153501 133.0778942 +11.8593522 12.516  0.157 12.124  0.088
508-147212 132.7067961 +11.5858003 11.892  0.342 10.930  0.027
508-147215 132.7114072 +11.5839556
508-147224 132.7244765 +11.5951936
508-147227 132.7281260 +11.5885481
508-147231 132.7319297 +11.5931744 13.742  0.326 13.245  0.020
509-150280 132.7262532 +11.6123078 15.752  0.358 15.019  0.053
509-150281 132.7276818 +11.6113081
509-150285 132.7339269 +11.6099656
508-147195 132.6817319 +11.5967128 12.018  0.346 11.492  0.030
509-150238 132.6833934 +11.6081822
509-150244 132.6879436 +11.6006589 16.132  0.001 15.311  0.001
509-150266 132.7122653 +11.6047414
509-150331 132.7833958 +11.6405450 14.898  0.302 14.320  0.031
509-150339 132.7927222 +11.6472622 16.795  0.026 16.420  0.081
509-150288 132.7354933 +11.6355964 14.542  0.328 13.997  0.023
509-150295 132.7488253 +11.6645742
509-150296 132.7489703 +11.6561419 13.504  0.006 12.569  0.006
509-150297 132.7525722 +11.6672497
509-150299 132.7534198 +11.6604572 13.169  0.346 12.504  0.070
509-150304 132.7577440 +11.6665572 15.869  0.325 14.632  0.033
509-150312 132.7651606 +11.6752625 13.756  0.304 13.272  0.023
509-150315 132.7697692 +11.6701656
509-150210 132.6584525 +11.6310308
509-150216 132.6640042 +11.6240333
509-150223 132.6686672 +11.6233053
509-150225 132.6710469 +11.6305133
509-150227 132.6717881 +11.6330647
509-150229 132.6749072 +11.6145961 13.094  0.349 12.466  0.026
509-150230 132.6766860 +11.6146683
509-150232 132.6794347 +11.6287953
509-150241 132.6874532 +11.6250769 12.602  0.345 11.878  0.029
509-150233 132.6816458 +11.6344911
509-150245 132.6905053 +11.6319983
509-150247 132.6918294 +11.6464753 17.864  0.113 17.243  0.001
509-150256 132.7003344 +11.6371975
509-150259 132.7024916 +11.6463608
509-150264 132.7083828 +11.6472925
509-150202 132.6491336 +11.6267492 15.780  0.357 15.067  0.043
509-150219 132.6661900 +11.6570483
509-150231 132.6770489 +11.6637108 13.828  0.359 13.283  0.033
509-150268 132.7171468 +11.6611994
509-150273 132.7211175 +11.6672758 14.052  0.330 13.514  0.023
509-150277 132.7225931 +11.6787014 14.127  0.337 13.566  0.014
509-150283 132.7305231 +11.6943686
509-150289 132.7355486 +11.6890978
509-150290 132.7361947 +11.6877422
509-150298 132.7528081 +11.6781269 15.880  0.309 15.129  0.037
509-150240 132.6868528 +11.6689611 17.170  0.487 16.015  0.033
509-150246 132.6913625 +11.6828769
509-150257 132.7005550 +11.6731411 16.660  0.041 15.802  0.009
509-150262 132.7061929 +11.7073028 17.092  0.412 16.040  0.017
509-150265 132.7105869 +11.6879589
509-150274 132.7211668 +11.6936636
509-150279 132.7256333 +11.6916811 15.894  0.380 15.207  0.032
509-150342 132.7933418 +11.6675953
509-150343 132.7948856 +11.6641208 15.091  0.319 14.488  0.048
509-150346 132.7970744 +11.6668839
509-150354 132.8057547 +11.6604169 16.572  0.359 15.602  0.046
509-150363 132.8119322 +11.6590328
509-150357 132.8097119 +11.6858731 14.895  0.284 14.357  0.033
509-150365 132.8159825 +11.6750689 15.238  0.296 14.615  0.033
509-150384 132.8261358 +11.6915472 16.305  0.034 15.663  0.038
509-150386 132.8266567 +11.6844814
509-150388 132.8278131 +11.6768522 14.412  0.298 13.914  0.028
509-150390 132.8281528 +11.6865764
509-150392 132.8293222 +11.6710172 14.087  0.293 13.594  0.026
509-150421 132.8440739 +11.6827875
509-150317 132.7716922 +11.6811769
509-150321 132.7769294 +11.6927208
509-150322 132.7789731 +11.6861953 17.353  0.314 16.016  0.051
509-150323 132.7789900 +11.6969308 16.177  0.317 15.317  0.037
509-150326 132.7804717 +11.6961722
509-150336 132.7895769 +11.6958203 13.244  0.303 12.605  0.039
509-150344 132.7948895 +11.6900850
509-150345 132.7961478 +11.6984006
509-150423 132.8456877 +11.6851439 16.458  0.001 15.730  0.017
509-150451 132.8617889 +11.7065044
509-150453 132.8636258 +11.6996547
509-150436 132.8527864 +11.7183792 15.139  0.256 14.482  0.029
509-150442 132.8590856 +11.7235097
509-150445 132.8601007 +11.7307406 11.341  0.253 11.355  0.031
509-150447 132.8602164 +11.7108603 17.211  0.077 16.315  0.001
509-150457 132.8668118 +11.7096603
509-150462 132.8704189 +11.7190878 15.829  0.044 15.216  0.039
509-150465 132.8716328 +11.7033058 16.072  0.240 15.653  0.042
509-150466 132.8719400 +11.7131142
509-150473 132.8755114 +11.7305022 13.478  0.244 13.017  0.025
509-150486 132.8834808 +11.7224775
509-150372 132.8216116 +11.7101608 14.825  0.041 14.379  0.025
509-150382 132.8253878 +11.7151894 13.635  0.269 13.152  0.030
509-150385 132.8263656 +11.7236442 13.760  0.277 13.304  0.023
509-150413 132.8409619 +11.7215803 14.886  0.246 14.327  0.028
509-150408 132.8391286 +11.7335575
509-150409 132.8393168 +11.7489553
509-150412 132.8406675 +11.7347244 14.516  0.256 13.890  0.031
509-150414 132.8415961 +11.7291828               16.234  0.072
509-150417 132.8424191 +11.7441433
509-150419 132.8428272 +11.7358194
509-150420 132.8439872 +11.7265592
509-150429 132.8477494 +11.7461436
509-150430 132.8488714 +11.7362928
509-150449 132.8607389 +11.7393278 15.654  0.255 15.165  0.035
509-150291 132.7433717 +11.7033733 13.737  0.323 13.167  0.041
509-150300 132.7554339 +11.6996561 13.863  0.312 13.369  0.023
509-150313 132.7666142 +11.7066339 14.934  0.299 14.418  0.024
509-150314 132.7686923 +11.6969886
509-150319 132.7739525 +11.7296931 14.466  0.283 13.858  0.028
509-150334 132.7859256 +11.7331958
509-150271 132.7206211 +11.7205094 17.204  0.001 16.666  0.001
509-150294 132.7485244 +11.7355550 15.142  0.312 14.413  0.028
509-150301 132.7564133 +11.7413692
509-150303 132.7577375 +11.7347350
509-150305 132.7585061 +11.7552892 15.242  0.006 14.761  0.015
509-150310 132.7646095 +11.7507619 11.511  0.294 11.317  0.026
509-150340 132.7930208 +11.7304275
509-150358 132.8097742 +11.7501386 11.164  0.271 10.802  0.037
509-150359 132.8102247 +11.7446994 15.129  0.030 14.455  0.006
509-150360 132.8102413 +11.7435050
509-150368 132.8178118 +11.7424617 13.790  0.254 13.297  0.033
509-150361 132.8110356 +11.7566972
509-150369 132.8185875 +11.7687297
509-150370 132.8195392 +11.7581528
509-150371 132.8200531 +11.7615611
509-150374 132.8223087 +11.7675431
509-150375 132.8228242 +11.7562889 10.621  0.184  9.448  0.124
509-150378 132.8238111 +11.7415208 16.089  0.403 15.027  0.036
509-150381 132.8249358 +11.7650406
509-150394 132.8313293 +11.7534425
509-150399 132.8346753 +11.7645556
509-150403 132.8360686 +11.7570161 16.316  0.001 15.409  0.001
509-150405 132.8366561 +11.7506719 13.459  0.253 12.943  0.026
509-150407 132.8383958 +11.7646333
509-150316 132.7700778 +11.7657783 13.817  0.302 13.320  0.055
509-150325 132.7798883 +11.7619661 16.381  0.275 15.711  0.051
509-150327 132.7806242 +11.7743992 15.905  0.412 15.174  0.031
509-150329 132.7820197 +11.7522317
509-150332 132.7836000 +11.7629219
509-150335 132.7859578 +11.7699256 13.765  0.270 13.307  0.032
509-150341 132.7931247 +11.7523089
509-150349 132.7990462 +11.7561261 10.314  0.120 10.190  0.073
509-150337 132.7912790 +11.7713539 14.840  0.011
509-150347 132.7975014 +11.7863717
509-150348 132.7981564 +11.7648517 15.436  0.046 14.731  0.000
509-150350 132.8008822 +11.7874431 15.560  0.243 14.868  0.031
509-150351 132.8011942 +11.7725656 13.564  0.269 13.073  0.020
509-150352 132.8017308 +11.7850422
509-150353 132.8047347 +11.7699422
509-150356 132.8091217 +11.7871325
509-150194 132.6344275 +11.6528844
509-150199 132.6432506 +11.6657372 13.044  0.387 12.484  0.017
509-150207 132.6567349 +11.6902039
509-150220 132.6679047 +11.6814822
509-150161 132.5900333 +11.6820478 14.017  0.429 13.415  0.031
509-150163 132.5909458 +11.6820728
509-150176 132.6082428 +11.6757708
509-150182 132.6193897 +11.6762833 16.003  0.385 15.400  0.037
509-150181 132.6180217 +11.7027114 13.305  0.399 12.808  0.024
509-150185 132.6233321 +11.7049356
509-150187 132.6265188 +11.7047311
509-150188 132.6273462 +11.7084964
509-150217 132.6656067 +11.6881094
509-150221 132.6680083 +11.7071917
509-150222 132.6686606 +11.7031964 14.466  0.365 13.932  0.027
509-150234 132.6819067 +11.6969925
509-150237 132.6833764 +11.7137283 16.274  0.333 15.476  0.051
509-150239 132.6843497 +11.7232994 17.144  0.064 16.542  0.001
509-150248 132.6920139 +11.7189519 13.509  0.334 13.001  0.034
509-150249 132.6960717 +11.7249989 16.629  0.017 16.204  0.090
509-150250 132.6963317 +11.7152092
509-150255 132.6993097 +11.7095081
509-150258 132.7024200 +11.7246633
509-150192 132.6303267 +11.7224744
509-150195 132.6381286 +11.7290481 17.656  0.141 16.795  0.134
509-150204 132.6505269 +11.7216739 13.319  0.373 12.472  0.028
509-150209 132.6583569 +11.7303086
509-150213 132.6605397 +11.7130033
509-150211 132.6585039 +11.7403819 16.842  0.049 15.974  0.047
509-150228 132.6731339 +11.7416847 12.860  0.344 12.171  0.028
509-150236 132.6828675 +11.7419669 14.601  0.337 13.919  0.026
509-150153 132.5815864 +11.7082717 15.807  0.441 14.824  0.026
509-150159 132.5876392 +11.7088631
509-150162 132.5902417 +11.7123506 16.913  0.480 15.723  0.042
509-150166 132.5943525 +11.7098436
509-150172 132.6020633 +11.7034325
509-150175 132.6050956 +11.7052575
509-150177 132.6117492 +11.7252064
509-150178 132.6117851 +11.7157747 14.935  0.399 14.416  0.023
509-150142 132.5573156 +11.7270419
509-150147 132.5643882 +11.7069444 15.468  0.450 14.596  0.019
509-150150 132.5708433 +11.7098758
509-150155 132.5831592 +11.7430928 16.656  0.433 15.897  0.025
509-150190 132.6276191 +11.7476119
509-150193 132.6322650 +11.7514556
509-150196 132.6399944 +11.7683047
509-150200 132.6445311 +11.7570958 16.223  0.376 15.407  0.042
509-150201 132.6457444 +11.7492261
509-150208 132.6576740 +11.7598408
509-150212 132.6591064 +11.7561311
509-150165 132.5937514 +11.7574411
509-150171 132.6014245 +11.7722403
509-150173 132.6035775 +11.7582433
509-150174 132.6047211 +11.7424314
509-150184 132.6217811 +11.7709858
509-150197 132.6413064 +11.7742253 13.235  0.366 12.748  0.033
509-150198 132.6430115 +11.7764372
509-150263 132.7069480 +11.7333606 17.145  0.419 16.117  0.025
509-150269 132.7179019 +11.7509772 15.073  0.340 14.451  0.024
509-150270 132.7203881 +11.7296344
509-150272 132.7208694 +11.7340031
509-150276 132.7222358 +11.7277725 14.851  0.339 14.192  0.028
509-150278 132.7226475 +11.7429442 14.020  0.334 13.455  0.022
509-150282 132.7281647 +11.7372514
509-150284 132.7325481 +11.7648572
509-150286 132.7342325 +11.7543725 16.823  0.057 15.804  0.023
509-150292 132.7458622 +11.7642250
509-150235 132.6820931 +11.7574039 17.044  0.054 16.151  0.063
509-150242 132.6874828 +11.7625625
509-150243 132.6874864 +11.7717956
509-150251 132.6983027 +11.7563400 14.308  0.351 13.783  0.028
509-150252 132.6985103 +11.7528556
509-150253 132.6985589 +11.7476053 13.052  0.340 12.596  0.029
509-150260 132.7027117 +11.7513208
509-150261 132.7052515 +11.7707236
509-150267 132.7130344 +11.7921425
509-150287 132.7345964 +11.7761817 16.805  0.064 15.831  0.020
509-150293 132.7467642 +11.7702572 13.847  0.297 13.305  0.027
509-150307 132.7635322 +11.7631475 13.031  0.293 12.515  0.026
509-150308 132.7637858 +11.7863211
509-150311 132.7650397 +11.7714639 16.632  0.329 16.016  0.104
510-153053 132.7825369 +11.8025861 11.805  0.279 11.487  0.036
510-153057 132.7839203 +11.8116100
510-153070 132.7884870 +11.8057136 13.604  0.001 13.221  0.001
509-150318 132.7720064 +11.7850750
509-150320 132.7767931 +11.7918319 16.814  0.321 16.002  0.123
509-150333 132.7849005 +11.7866847 12.945  0.282 12.101  0.027
510-152995 132.7435158 +11.8018386
510-152999 132.7454329 +11.8053358 14.140  0.286 13.646  0.040
509-150275 132.7214856 +11.7928100 13.673  0.316 13.165  0.022
509-150302 132.7564617 +11.7972561 13.855  0.295 13.331  0.016
510-152997 132.7437364 +11.8121886
510-153000 132.7458986 +11.8080811
510-153001 132.7459553 +11.8159772 13.857  0.280 13.348  0.023
510-153010 132.7533216 +11.8146417 14.893  0.022 14.455  0.030
510-153013 132.7550426 +11.8059353 17.420  0.159 16.300  0.076
510-153014 132.7564192 +11.8261767 12.953  0.296 12.410  0.027
510-153015 132.7565156 +11.8242406
510-153018 132.7579700 +11.8314228
510-153020 132.7588032 +11.8170078 13.677  0.280 13.142  0.027
510-153023 132.7597353 +11.8148453
509-150306 132.7596205 +11.7977506
509-150214 132.6606808 +11.7767803 16.011  0.357 15.186  0.048
509-150215 132.6620378 +11.7821033 16.012  0.362 15.144  0.015
509-150218 132.6656514 +11.7640897
509-150226 132.6712192 +11.7592300
510-152920 132.6886592 +11.8108144 16.076  0.339 15.141  0.040
509-150254 132.6985667 +11.7979308 13.979  0.307 13.491  0.019
510-152885 132.6532050 +11.8012750
510-152886 132.6534317 +11.8002039 15.199  0.356 14.437  0.020
509-150206 132.6530600 +11.7854194 16.045  0.362 15.255  0.053
509-150224 132.6699331 +11.7961556 13.211  0.346 12.716  0.022
510-152884 132.6527631 +11.8153461 13.471  0.363 12.910  0.029
510-152891 132.6562506 +11.8122856
510-152899 132.6656103 +11.8214689
510-152944 132.7080775 +11.8201914 13.426  0.308 12.674  0.023
510-152949 132.7154156 +11.8028922 13.005  0.302 12.531  0.026
510-152950 132.7157528 +11.8239464
510-152954 132.7177002 +11.8109422 15.915  0.026 15.305  0.027
510-152959 132.7218517 +11.8273983
510-152960 132.7223158 +11.8159239 15.632  0.277 14.946  0.059
510-152961 132.7228397 +11.8171214
510-152958 132.7213981 +11.8295711 15.874  0.321 15.134  0.033
510-152971 132.7299242 +11.8379731
510-152973 132.7313697 +11.8337369
510-152981 132.7360632 +11.8318322 15.105  0.294 14.491  0.033
510-153012 132.7543756 +11.8363411 13.169  0.283 12.543  0.035
510-152916 132.6823969 +11.8414386
510-152936 132.7000508 +11.8281850 14.968  0.326 14.373  0.022
510-152932 132.6960583 +11.8507706
510-152941 132.7066497 +11.8545017 17.423  0.439 15.943  0.045
510-152946 132.7133261 +11.8658358
510-152947 132.7135464 +11.8359461
510-152953 132.7173636 +11.8394717
510-152968 132.7280442 +11.8525817 13.902  0.281 13.426  0.032
510-152970 132.7294825 +11.8562297
509-150479 132.8785518 +11.7340806
509-150480 132.8796020 +11.7328050
509-150491 132.8848191 +11.7394592
509-150504 132.8923537 +11.7380856
509-150508 132.8937167 +11.7303931 14.984  0.247 14.407  0.045
509-150509 132.8951406 +11.7604097
509-150539 132.9147224 +11.7503567 15.922  0.297 15.125  0.039
509-150547 132.9220339 +11.7480711 15.312  0.250 14.707  0.072
509-150560 132.9301047 +11.7548472
509-150437 132.8540875 +11.7619197 14.476  0.255 14.001  0.039
509-150450 132.8609736 +11.7620194 17.984  0.128 16.715  0.001
509-150460 132.8688036 +11.7593933
509-150468 132.8722767 +11.7576575 13.423  0.231 12.648  0.032
509-150469 132.8739811 +11.7518122
509-150474 132.8765403 +11.7516258
509-150481 132.8801222 +11.7640492 12.963  0.228 12.507  0.034
509-150484 132.8822656 +11.7524256 15.978  0.229 15.242  0.039
509-150471 132.8748864 +11.7733794
509-150476 132.8767194 +11.7837569
509-150487 132.8839114 +11.7768075
509-150489 132.8839653 +11.7741492
509-150490 132.8841103 +11.7819914
509-150492 132.8848833 +11.7793378 14.921  0.239 14.291  0.050
509-150497 132.8859128 +11.7666033
509-150498 132.8883575 +11.7750922
509-150500 132.8889525 +11.7665686
509-150502 132.8903172 +11.7711353
509-150503 132.8921361 +11.7821417 14.561  0.233 14.055  0.048
509-150505 132.8926611 +11.7648564
509-150512 132.8967142 +11.7699339
509-150517 132.9000092 +11.7759803 13.088  0.225 12.524  0.039
509-150523 132.9043669 +11.7757961
509-150524 132.9051760 +11.7821267 14.371  0.221 13.856  0.036
509-150525 132.9064645 +11.7727508
509-150544 132.9185336 +11.7771608 14.182  0.228 13.726  0.068
509-150554 132.9272972 +11.7663300 16.140  0.231 15.219  0.054
509-150556 132.9278032 +11.7767792 12.733  0.228 12.291  0.053
509-150565 132.9329745 +11.7603125 16.605  0.070 16.084  0.011
509-150566 132.9333293 +11.7734578 13.182  0.225 12.607  0.041
509-150568 132.9363786 +11.7794328 13.461  0.214 12.718  0.045
509-150570 132.9368314 +11.7752658
509-150578 132.9433650 +11.7740639 13.713  0.228 13.275  0.040
510-153360 132.9539016 +11.8005911 14.877  0.193 14.346  0.047
509-150572 132.9377867 +11.7960803 12.057  0.207 11.207  0.055
509-150586 132.9475528 +11.7860050 14.758  0.216 14.098  0.047
509-150591 132.9527403 +11.7932022 15.228  0.204 14.618  0.068
509-150595 132.9551069 +11.7859653
509-150602 132.9623930 +11.7962128 16.609  0.156 15.542  0.073
509-150620 132.9771136 +11.7960306
509-150513 132.8968511 +11.7943486
509-150518 132.9002814 +11.7963803 14.864  0.226 14.317  0.058
509-150521 132.9032247 +11.7910792
509-150535 132.9126778 +11.7987031 14.083  0.215 13.570  0.054
509-150536 132.9136583 +11.7953608
509-150549 132.9228617 +11.7933572 14.461  0.217 13.978  0.063
510-153323 132.9200367 +11.8181992 14.124  0.203 13.683  0.063
510-153338 132.9310522 +11.8144833 16.268  0.175 15.537  0.073
510-153348 132.9421310 +11.8092867 16.285  0.264 15.792  0.024
510-153352 132.9489264 +11.8115150
509-150396 132.8329083 +11.7834292 12.388  0.250 12.058  0.058
509-150397 132.8338147 +11.7782425 13.094  0.261 12.641  0.040
509-150398 132.8344858 +11.7721517
509-150401 132.8355931 +11.7680025
509-150402 132.8356889 +11.7712022
509-150410 132.8398159 +11.7683717
509-150415 132.8418450 +11.7780350 13.536  0.250 13.062  0.023
509-150424 132.8457325 +11.7782439
509-150426 132.8464544 +11.7732275
509-150431 132.8491530 +11.7877769 12.617  0.283 12.010  0.036
509-150433 132.8503792 +11.7861456
509-150434 132.8512133 +11.7911989
510-153200 132.8534844 +11.8011022
510-153223 132.8635353 +11.8027467
510-153234 132.8695369 +11.8005861 14.189  0.231 13.646  0.046
510-153270 132.8849750 +11.8003178
509-150439 132.8556806 +11.7928333 12.881  0.246 12.409  0.034
509-150454 132.8637156 +11.7924803 15.058  0.236 14.679  0.051
509-150458 132.8680586 +11.7803908 15.440  0.258 14.593  0.030
509-150464 132.8706850 +11.7952472
509-150470 132.8745784 +11.7879975 10.550  0.153  9.469  0.113
509-150478 132.8775667 +11.7964789
509-150493 132.8851578 +11.7978614 12.512  0.000 11.896  0.006
510-153121 132.8154433 +11.8043567
510-153132 132.8210247 +11.8074086
510-153133 132.8212122 +11.8044692 10.996  0.231  9.939  0.059
510-153149 132.8290203 +11.8060347
510-153151 132.8300281 +11.8074761
509-150362 132.8114653 +11.7899833
509-150364 132.8143235 +11.7920550 12.820  0.003 12.409  0.001
509-150366 132.8169292 +11.7873592
509-150373 132.8222446 +11.7834942 13.415  0.279 12.897  0.038
509-150379 132.8238626 +11.7818467
509-150389 132.8278292 +11.7840653 12.882  0.001 12.337  0.001
509-150391 132.8291361 +11.7892200
509-150393 132.8298872 +11.7985019 14.030  0.259 13.558  0.025
510-153157 132.8328664 +11.8104350
510-153161 132.8362269 +11.8087306
510-153168 132.8400478 +11.8173503
510-153177 132.8422128 +11.8077419
510-153183 132.8449806 +11.8004711 11.074  0.220 10.146  0.060
510-153184 132.8452789 +11.8321372
510-153186 132.8454413 +11.8137106 13.016  0.236 12.566  0.042
510-153187 132.8456430 +11.8202983 13.543  0.237 13.175  0.042
510-153190 132.8469542 +11.8073508
510-153191 132.8479000 +11.8182742
510-153193 132.8490269 +11.8303492 11.924  0.242 11.196  0.051
510-153194 132.8503264 +11.8060686
510-153195 132.8505228 +11.8073911
510-153202 132.8539275 +11.8168642
510-153204 132.8552581 +11.8037506
510-153206 132.8561517 +11.8152569
510-153209 132.8576403 +11.8126553
510-153210 132.8581022 +11.8191333
510-153211 132.8583508 +11.8075767
510-153218 132.8617703 +11.8112367 10.848  0.215 10.352  0.048
509-150428 132.8470449 +11.7963858
510-153249 132.8768617 +11.8161714 12.332  0.270 11.536  0.058
510-153250 132.8773669 +11.8203183
510-153272 132.8856931 +11.8066806 14.481  0.223 14.001  0.058
510-153274 132.8857758 +11.8144497 11.104  0.244 10.982  0.070
510-153281 132.8884043 +11.8142389
510-153287 132.8927969 +11.8288272 13.154  0.218 12.754  0.067
510-153289 132.8939604 +11.8185525
510-153294 132.8972979 +11.8092950
510-153298 132.8992887 +11.8142981 13.936  0.215 13.495  0.063
510-153301 132.9016019 +11.8260572
510-153303 132.9030311 +11.8330564
510-153308 132.9058244 +11.8347828 12.909  0.214 12.450  0.058
510-153315 132.9094708 +11.8290886
510-153318 132.9134291 +11.8343781 12.555  0.207 12.128  0.060
510-153329 132.9245303 +11.8271086
510-153331 132.9263864 +11.8354428 12.323  0.353 11.346  0.051
510-153333 132.9268497 +11.8310781
510-153196 132.8515139 +11.8306781
510-153212 132.8584772 +11.8320700 15.144  0.217 14.554  0.055
510-153215 132.8604774 +11.8222944
510-153219 132.8620307 +11.8319592
510-153229 132.8664128 +11.8366217 14.783  0.001 14.192  0.001
510-153231 132.8672472 +11.8242833 13.083  0.216 12.713  0.048
510-153239 132.8707628 +11.8425133 11.144  0.210 10.212  0.054
510-153242 132.8744756 +11.8396719
510-153248 132.8766483 +11.8349344
510-153254 132.8802361 +11.8308453
510-153268 132.8839231 +11.8343203 12.962  0.207 12.512  0.051
510-153238 132.8707408 +11.8538375
510-153244 132.8748158 +11.8524919
510-153247 132.8763083 +11.8561467
510-153252 132.8794158 +11.8441681
510-153257 132.8814219 +11.8422611
510-153264 132.8829553 +11.8546053 14.365  0.216 13.884  0.058
510-153273 132.8857067 +11.8445972 12.362  0.207 12.255  0.058
510-153275 132.8861339 +11.8419081
510-153279 132.8877519 +11.8544353
510-153280 132.8881967 +11.8506150
510-153284 132.8901894 +11.8624817 13.544  0.217 13.054  0.065
510-153286 132.8927025 +11.8484489
510-153288 132.8929470 +11.8528931 11.058  0.212 10.952  0.055
510-153291 132.8965050 +11.8421528
510-153292 132.8965378 +11.8609561 15.843  0.324 15.120  0.100
510-153293 132.8967535 +11.8404567
510-153312 132.9076636 +11.8491678 13.844  0.298 13.395  0.164
510-153376 132.9678950 +11.8210153
510-153378 132.9689450 +11.8219761 18.079  0.175 16.402  0.001
510-153386 132.9722646 +11.8057764 13.032  0.205 12.610  0.054
510-153390 132.9815747 +11.8105919 14.281  0.209 13.752  0.062
510-153396 132.9855433 +11.8034592 14.295  0.192 13.852  0.055
510-153402 132.9899044 +11.8139533
510-153394 132.9837844 +11.8374281 13.429  0.186 12.631  0.049
510-153405 132.9916856 +11.8437614
510-153410 132.9948545 +11.8340164 14.699  0.181 14.160  0.051
510-153413 132.9951700 +11.8472411
510-153418 132.9997122 +11.8429294
510-153350 132.9476289 +11.8436017
510-153356 132.9526306 +11.8209906 11.013  0.194 10.937  0.051
510-153357 132.9529817 +11.8181064
510-153361 132.9547313 +11.8287539
510-153366 132.9580853 +11.8253086
510-153382 132.9715214 +11.8298178 16.606  0.179 15.870  0.082
510-153371 132.9637208 +11.8544211
510-153383 132.9719244 +11.8494931
510-153392 132.9833256 +11.8573211 10.727  0.158 10.588  0.060
510-153415 132.9957511 +11.8539297 15.590  0.174 14.948  0.083
510-153434 133.0142517 +11.8600250
510-153444 133.0232362 +11.8498361
510-153449 133.0304182 +11.8587094
510-153453 133.0341682 +11.8513442
510-153451 133.0310286 +11.8680831
510-153462 133.0435297 +11.8827831 17.013  0.203 15.667  0.041
510-153471 133.0521739 +11.8759208 14.476  0.142 13.943  0.093
510-153409 132.9941244 +11.8708986 15.706  0.204 15.074  0.046
510-153417 132.9984545 +11.8826647 13.116  0.168 12.692  0.058
510-153419 133.0005528 +11.8847253
510-153422 133.0020308 +11.8596567
510-153423 133.0021497 +11.8747492 15.666  0.181 15.040  0.038
510-153436 133.0169375 +11.8915481 17.397  0.001 17.040  0.001
510-153442 133.0212250 +11.8859308
510-153448 133.0299128 +11.8859375
510-153321 132.9170089 +11.8538114
510-153325 132.9209603 +11.8563136
510-153332 132.9264839 +11.8563856 11.822  0.197 10.948  0.050
510-153337 132.9296644 +11.8505681
510-153355 132.9513228 +11.8532967 12.878  0.194 12.374  0.054
510-153353 132.9497347 +11.8673575
510-153368 132.9606961 +11.8586919 16.012  0.044 15.611  0.082
510-153370 132.9619528 +11.8690181 16.517  0.188 15.682  0.076
510-153379 132.9697781 +11.8697894
510-153317 132.9126744 +11.8847639 16.041  0.200 15.225  0.062
510-153319 132.9140728 +11.8626622 12.662  0.202 11.853  0.048
510-153320 132.9169554 +11.8786936 14.123  0.194 13.667  0.036
510-153322 132.9193991 +11.8685342
510-153326 132.9211578 +11.8783272
510-153330 132.9255970 +11.8749883 16.437  0.023 16.026  0.001
510-153341 132.9379833 +11.8759606 16.185  0.089 15.418  0.018
510-153346 132.9402875 +11.8984572
510-153347 132.9418656 +11.8944650
510-153369 132.9614056 +11.8895856
510-153375 132.9665469 +11.8959264
510-153380 132.9699892 +11.8986542 15.676  0.238 15.207  0.086
510-153388 132.9789506 +11.8849764 16.273  0.164 15.488  0.075
510-153389 132.9815280 +11.9029283
510-153393 132.9836750 +11.8967408
510-153395 132.9841785 +11.8932481
510-153391 132.9829369 +11.9133972 16.993  0.032 15.751  0.040
510-153399 132.9882908 +11.9055894
510-153416 132.9979783 +11.9179836 11.053  0.154 10.201  0.063
510-153426 133.0065697 +11.8966758
510-153427 133.0075169 +11.9012353
510-153429 133.0086282 +11.9000336
510-153437 133.0179338 +11.9119383 16.830  0.038 16.494  0.209
510-153343 132.9393874 +11.9097950
510-153362 132.9556147 +11.8941639  9.646  0.181  8.706  0.063
510-153363 132.9560181 +11.9147358
510-153364 132.9574286 +11.9256722
510-153367 132.9584150 +11.9217611
510-153377 132.9679850 +11.9031714
510-153384 132.9720622 +11.9054019 15.201  0.017 14.513  0.001
510-153374 132.9662303 +11.9357581 16.553  0.045 15.616  0.020
510-153385 132.9721336 +11.9380711 14.938  0.164 14.338  0.064
510-153067 132.7870642 +11.8105086
510-153078 132.7954028 +11.8163653
510-153080 132.7980272 +11.8118486
510-153081 132.7984744 +11.8140317 14.001  0.001 13.616  0.001
510-153084 132.8000695 +11.8074053
510-153087 132.8009064 +11.8096342 14.047  0.000 13.527  0.000
510-153093 132.8027883 +11.8017819               16.602  0.137
510-153095 132.8033011 +11.8306097
510-153110 132.8109607 +11.8140292
510-153112 132.8117014 +11.8166314 15.781  0.264 14.924  0.043
510-153113 132.8125165 +11.8146431
510-153114 132.8126729 +11.8225161 14.524  0.257 14.003  0.033
510-153124 132.8186222 +11.8166936
510-153103 132.8071553 +11.8330331 14.646  0.251 14.196  0.036
510-153116 132.8138989 +11.8372997 13.126  0.244 12.671  0.041
510-153126 132.8199161 +11.8441503
510-153128 132.8202239 +11.8274053 16.750  0.042 15.717  0.033
510-153130 132.8207275 +11.8359261
510-153131 132.8209651 +11.8462264 11.617  0.220 10.760  0.037
510-153135 132.8212686 +11.8254278
510-153137 132.8226722 +11.8334839
510-153138 132.8239058 +11.8348669 13.840  0.001 13.048  0.001
510-153142 132.8260561 +11.8387836
510-153143 132.8272200 +11.8226197
510-153144 132.8273475 +11.8372922
510-153150 132.8292019 +11.8349086 12.910  0.256 12.415  0.033
510-153152 132.8300700 +11.8234189
510-153153 132.8319981 +11.8275172
510-153159 132.8338217 +11.8397728 14.373  0.327 13.859  0.037
510-153037 132.7697386 +11.8266419
510-153040 132.7718064 +11.8261231 14.029  0.276 13.518  0.036
510-153056 132.7833147 +11.8321661
510-153058 132.7839681 +11.8290397 16.204  0.236 15.238  0.039
510-153062 132.7849061 +11.8354839 13.929  0.264 13.468  0.042
510-153063 132.7856667 +11.8480506 14.136  0.260 13.670  0.024
510-153064 132.7861431 +11.8252411
510-153065 132.7867097 +11.8408767
510-153083 132.7989947 +11.8338350 15.952  0.263 15.064  0.032
510-153086 132.8007818 +11.8425067
510-153092 132.8027883 +11.8429286
510-153096 132.8036211 +11.8646708
510-153100 132.8056103 +11.8611356 13.992  0.268 13.112  0.064
510-153101 132.8066558 +11.8438842
510-153102 132.8067017 +11.8550661 13.928  0.241 13.487  0.041
510-153105 132.8081889 +11.8580719
510-153108 132.8101211 +11.8445131
510-153120 132.8151233 +11.8489286 13.326  0.001 12.767  0.001
510-153146 132.8281833 +11.8551733 13.494  0.235 12.794  0.044
510-153158 132.8334603 +11.8504506 14.750  0.237 14.177  0.049
510-153165 132.8391967 +11.8575531
510-153170 132.8406115 +11.8616608
510-153179 132.8425626 +11.8481869
510-153180 132.8433222 +11.8580981
510-153181 132.8439327 +11.8550914
510-153182 132.8439500 +11.8471281 17.190  0.334 16.011  0.029
510-153199 132.8533006 +11.8637136
510-153201 132.8537403 +11.8432839
510-153207 132.8563094 +11.8774294 13.608  0.219 13.152  0.050
510-153220 132.8623525 +11.8722214
510-153221 132.8625158 +11.8645839 11.009  0.193 11.046  0.057
510-153225 132.8645244 +11.8839978 14.539  0.194 14.046  0.076
510-153227 132.8660903 +11.8628033
510-153230 132.8668725 +11.8887567
510-153232 132.8678900 +11.8715128 13.270  0.266 12.678  0.060
510-153236 132.8699785 +11.8666372 12.954  0.025 12.522  0.043
510-153237 132.8706206 +11.8701264
510-153241 132.8743789 +11.8583011 13.532  0.247 13.137  0.070
510-153258 132.8814975 +11.8659600 15.331  0.213 14.710  0.067
510-153118 132.8142931 +11.8660872 15.456  0.238 14.822  0.046
510-153122 132.8156250 +11.8829875 13.145  0.233 12.700  0.053
510-153134 132.8212447 +11.8680156
510-153140 132.8248750 +11.8737717
510-153154 132.8320067 +11.8696286 14.268  0.216 13.764  0.048
510-153160 132.8339545 +11.8799806 14.211  0.245 13.750  0.054
510-153169 132.8406056 +11.8771678 11.646  0.220 11.140  0.053
510-153162 132.8366022 +11.8905767 11.436  0.209 11.143  0.034
510-153167 132.8399318 +11.8908522
510-153173 132.8413906 +11.8857928
510-153189 132.8464028 +11.9013733 14.510  0.196 14.028  0.050
510-153208 132.8566577 +11.8877128 16.085  0.199 15.337  0.082
510-153214 132.8590620 +11.8977517 11.074  0.197 10.184  0.058
510-153222 132.8629909 +11.8885675
510-153224 132.8642206 +11.8906939 13.062  0.204 12.623  0.047
510-153005 132.7491647 +11.8534900 15.274  0.278 14.629  0.033
510-153011 132.7535094 +11.8514686
510-153022 132.7596469 +11.8500769 17.885  0.001
510-153025 132.7615844 +11.8570608 15.070  0.280 14.317  0.043
510-153029 132.7646900 +11.8612075
510-153031 132.7659518 +11.8609219
510-153034 132.7681597 +11.8466064
510-153035 132.7686669 +11.8627572 14.442  0.257 13.879  0.029
510-153044 132.7747926 +11.8527372 13.668  0.261 13.199  0.042
510-153028 132.7624342 +11.8737872
510-153032 132.7662872 +11.8735183
510-153038 132.7704842 +11.8739117 14.167  0.252 13.661  0.035
510-153041 132.7729156 +11.8755786
510-153049 132.7800699 +11.8838533 12.764  0.276 12.192  0.039
510-153050 132.7812845 +11.8822383
510-153051 132.7814717 +11.8656800 15.393  0.288 14.747  0.059
510-152964 132.7252903 +11.8659206
510-152975 132.7320156 +11.8707256 12.347  0.293 11.846  0.036
510-152977 132.7321444 +11.8820981 15.497  0.287 14.837  0.038
510-152979 132.7340513 +11.8654375
510-152980 132.7346572 +11.8581131 14.507  0.288 13.974  0.032
510-152991 132.7422884 +11.8728581 13.421  0.280 12.595  0.036
510-152998 132.7440253 +11.8810369
510-152982 132.7374892 +11.8917625
510-153008 132.7517097 +11.9013217
510-153009 132.7531406 +11.8865017 15.225  0.258 14.613  0.016
510-153019 132.7587965 +11.8757519
510-153026 132.7617111 +11.8819108
510-153030 132.7653677 +11.8849031
510-153042 132.7742131 +11.8862953 15.310  0.001 14.809  0.001
510-153043 132.7745322 +11.8964922
510-153069 132.7883596 +11.8872753
510-153071 132.7885228 +11.8942772
510-153074 132.7922755 +11.8904889
510-153076 132.7945898 +11.8907061 17.086  0.070 16.136  0.084
510-153089 132.8011781 +11.9063692 14.528  0.225 14.027  0.059
510-153090 132.8012042 +11.8934614
510-153091 132.8013747 +11.8821183
510-153094 132.8028533 +11.8784367 11.107  0.236 10.192  0.052
510-153097 132.8038161 +11.8978244 16.407  0.043 15.446  0.001
510-153104 132.8074175 +11.9037086
510-153111 132.8112233 +11.8850928
510-153107 132.8087722 +11.9057217
510-153119 132.8150939 +11.9039114
510-153123 132.8159724 +11.9009944
510-153125 132.8190161 +11.9041883 13.914  0.218 13.462  0.039
510-153129 132.8205678 +11.9131781
510-153139 132.8239397 +11.8958869
510-153147 132.8283656 +11.9050281 17.913  0.154 16.578  0.001
510-153155 132.8320217 +11.9045500
510-153163 132.8384850 +11.9138606
510-153164 132.8387008 +11.9040103 16.777  0.055 15.924  0.020
510-153172 132.8413558 +11.9146883
510-153045 132.7765106 +11.9052061
510-153061 132.7844476 +11.9055300 16.988  0.001 16.547  0.001
510-153075 132.7944131 +11.9094742 16.879  0.032 15.876  0.053
510-153085 132.8005017 +11.9112106
510-153059 132.7842058 +11.9266228 16.285  0.222 15.462  0.044
510-153082 132.7989483 +11.9262167
510-153253 132.8799528 +11.8883089
510-153262 132.8829219 +11.8924442
510-153263 132.8829278 +11.8906708
510-153265 132.8830884 +11.8865753
510-153267 132.8838108 +11.9016881
510-153276 132.8868258 +11.8957411
510-153278 132.8877333 +11.8874356
510-153285 132.8926692 +11.8752267
510-153297 132.8990444 +11.8929622 12.794  0.193 11.995  0.053
510-153299 132.9009345 +11.9097150
510-153302 132.9022169 +11.9075614 15.649  0.152 14.969  0.045
510-153305 132.9042507 +11.9138661
510-153306 132.9046053 +11.9166408 13.498  0.191 13.054  0.052
510-153309 132.9065297 +11.9045356
510-153311 132.9068797 +11.8992792
510-153328 132.9217522 +11.9080508 13.089  0.179 12.670  0.052
510-153335 132.9281256 +11.9110219
510-153235 132.8697925 +11.9202106
510-153240 132.8724999 +11.9038547 13.161  0.205 12.716  0.053
510-153261 132.8821549 +11.9158033
510-153277 132.8872432 +11.9131714 16.252  0.206 15.459  0.039
510-153251 132.8774458 +11.9230439
510-153266 132.8835582 +11.9190439 14.006  0.191 13.521  0.042
510-153269 132.8842649 +11.9315267
510-153283 132.8887736 +11.9122022
510-153290 132.8959399 +11.9209314
510-153334 132.9274555 +11.9347164 16.479  0.210 15.640  0.085
510-153339 132.9328297 +11.9451219 11.084  0.167 10.214  0.056
510-153342 132.9383783 +11.9486833
510-153359 132.9534583 +11.9475431 13.383  0.168 12.647  0.077
510-153365 132.9580208 +11.9458583
510-153373 132.9650342 +11.9476158
510-153381 132.9713314 +11.9505658
510-153296 132.8983108 +11.9536733
510-153300 132.9015708 +11.9474336 14.320  0.196 13.841  0.051
510-153310 132.9065419 +11.9456933
510-153324 132.9203975 +11.9623142 16.556  0.185 15.562  0.069
510-153340 132.9359231 +11.9813389
510-153344 132.9394786 +11.9647094
510-153345 132.9397542 +11.9564144
510-153349 132.9421450 +11.9677272
510-153145 132.8279761 +11.9304567 14.477  0.217 13.988  0.043
510-153174 132.8415369 +11.9216269
510-153176 132.8419167 +11.9381969
510-153185 132.8453269 +11.9395044
510-153198 132.8530539 +11.9363089
510-153205 132.8561333 +11.9273939
510-153228 132.8661689 +11.9280192 13.649  0.204 13.185  0.048
510-153197 132.8517489 +11.9498739
510-153216 132.8606681 +11.9525203 14.852  0.196 14.160  0.054
510-153217 132.8612797 +11.9366883 16.481  0.268 15.487  0.078
510-153226 132.8653022 +11.9583083 16.220  0.176 15.460  0.053
510-153256 132.8813570 +11.9455353
510-153259 132.8817850 +11.9491306
510-153127 132.8199368 +11.9442531
510-153136 132.8225954 +11.9390611
510-153141 132.8257817 +11.9351344
510-153175 132.8418822 +11.9499292
510-153148 132.8290197 +11.9697097 12.819  0.202 12.028  0.048
510-153156 132.8324975 +11.9701919
510-153171 132.8407333 +11.9800344
510-153188 132.8462658 +11.9600833
510-153192 132.8483672 +11.9568969
510-153213 132.8587903 +11.9642183 16.868  0.076 16.580  0.127
510-153260 132.8818089 +11.9667767
510-153295 132.8974853 +11.9656844 13.182  0.173 12.606  0.058
510-153314 132.9085681 +11.9674208
510-153304 132.9033728 +11.9769019
510-153307 132.9047256 +11.9840181 11.344  0.163 10.738  0.066
510-153313 132.9080081 +11.9803047
510-153316 132.9124583 +11.9798767
510-153327 132.9217464 +11.9792669
510-153336 132.9282750 +11.9919314 14.354  0.149 13.927  0.073
510-153203 132.8544683 +11.9885978
510-153233 132.8678904 +11.9873753
510-153243 132.8746814 +11.9839603
510-153245 132.8754447 +11.9734936 14.276  0.185 13.891  0.066
510-153246 132.8757257 +11.9892117 15.876  0.186 15.138  0.046
510-153255 132.8809650 +11.9819114 17.370  0.263 16.835  0.001
510-153271 132.8855273 +11.9834456
510-153282 132.8885003 +11.9947547 14.149  0.166 13.680  0.071
511-152216 132.8891083 +12.0227339 16.094  0.157 15.625  0.074
511-152227 132.9026943 +12.0136642
510-153530 133.1139325 +11.8354822
510-153541 133.1246586 +11.8416003
510-153544 133.1287903 +11.8463769
510-153546 133.1306975 +11.8437561
510-153550 133.1354792 +11.8346047 14.588  0.141 14.068  0.090
510-153560 133.1445389 +11.8334861
510-153553 133.1369797 +11.8553294
510-153561 133.1477517 +11.8428364 13.779  0.142 13.249  0.094
510-153533 133.1164856 +11.8667631
510-153536 133.1175883 +11.8515853 15.404  0.142 14.875  0.092
510-153538 133.1194967 +11.8579703
510-153539 133.1200858 +11.8554397
510-153540 133.1236242 +11.8509472
510-153531 133.1142342 +11.8729961 16.629  0.049 16.176  0.073
510-153537 133.1183786 +11.8777592
510-153547 133.1308606 +11.8642375 14.006  0.144 13.622  0.087
510-153557 133.1384695 +11.8612597
510-153558 133.1395867 +11.8848358
510-153559 133.1415181 +11.8826103
510-153503 133.0797929 +11.8643936
510-153504 133.0799761 +11.8719306 15.185  0.170 14.654  0.094
510-153508 133.0822142 +11.8729872
510-153519 133.1015236 +11.8670622 17.103  0.066 16.576  0.045
510-153513 133.0909069 +11.8903925 15.394  0.153 14.919  0.122
510-153528 133.1130811 +11.8962508 17.368  0.068 17.194  0.001
510-153548 133.1322275 +11.9153928
510-153469 133.0504591 +11.8939400 16.249  0.157 15.550  0.054
510-153478 133.0597372 +11.8917028
510-153483 133.0643615 +11.8837267 14.844  0.147 14.385  0.074
510-153489 133.0684806 +11.8777944 13.915  0.155 13.570  0.095
510-153496 133.0733643 +11.8937997 18.095  0.139 17.216  0.001
510-153502 133.0781131 +11.8981583
510-153505 133.0815454 +11.9154197
510-153516 133.0936519 +11.8991894
510-153460 133.0417553 +11.9246692
510-153463 133.0436319 +11.9166556
510-153472 133.0525320 +11.9159133 15.652  0.141 15.237  0.083
510-153473 133.0529550 +11.9267367
510-153484 133.0644507 +11.9310894 16.130  0.160 15.652  0.135
510-153485 133.0646079 +11.9412956
510-153486 133.0653708 +11.9296786
510-153494 133.0705689 +11.9371733 16.211  0.176 15.679  0.049
510-153498 133.0758924 +11.9206986
510-153518 133.0970733 +11.9357689
510-153521 133.1019911 +11.9324783
510-153529 133.1133053 +11.9461961
510-153507 133.0819004 +11.9488772
510-153512 133.0899886 +11.9573417 15.917  0.122 15.268  0.063
510-153524 133.1068344 +11.9652967
510-153431 133.0102872 +11.9261508 15.150  0.162 14.628  0.080
510-153445 133.0238161 +11.9290461
510-153456 133.0354767 +11.9278889 13.459  0.141 12.929  0.079
510-153465 133.0474867 +11.9597172
510-153466 133.0477550 +11.9578400
510-153475 133.0549817 +11.9501306
510-153476 133.0562383 +11.9536625
510-153397 132.9863631 +11.9540417
510-153403 132.9904586 +11.9501189
510-153404 132.9913150 +11.9453133
510-153421 133.0016942 +11.9352661 14.710  0.161 14.217  0.079
510-153425 133.0056036 +11.9464292
510-153433 133.0137336 +11.9679306 14.270  0.140 13.802  0.097
510-153435 133.0154353 +11.9691097
510-153438 133.0189550 +11.9802181
510-153439 133.0197583 +11.9747197 12.946  0.131 12.514  0.094
510-153440 133.0208278 +11.9723472
510-153441 133.0210825 +11.9818242
510-153443 133.0230817 +11.9725783
510-153480 133.0618213 +11.9610325 18.028  0.001 16.954  0.177
510-153481 133.0621158 +11.9771583
510-153488 133.0680478 +11.9601661
510-153497 133.0755272 +11.9864658
510-153506 133.0816431 +11.9831611
510-153509 133.0834455 +11.9759853
510-153514 133.0920058 +11.9821656 16.251  0.136 15.778  0.074
510-153459 133.0410169 +11.9739778
510-153464 133.0458219 +11.9869303
510-153468 133.0492711 +11.9976767 14.895  0.122 14.510  0.085
511-152355 133.0587636 +12.0110436 16.317  0.151 16.000  0.054
510-153372 132.9643761 +11.9637997 13.073  0.151 12.686  0.073
510-153387 132.9743228 +11.9715572
510-153398 132.9880489 +11.9671678
510-153406 132.9918025 +11.9729172
510-153408 132.9927461 +11.9665306
510-153400 132.9889168 +11.9902678
510-153401 132.9894617 +11.9938117
510-153414 132.9955229 +11.9988822 16.112  0.138 15.376  0.113
510-153424 133.0026011 +11.9922258
510-153432 133.0132945 +11.9845117
510-153351 132.9484886 +11.9927100
510-153354 132.9505411 +11.9920014 15.577  0.137 14.937  0.075
510-153358 132.9533381 +11.9720572 15.862  0.134 15.105  0.121
511-152302 132.9880564 +12.0028572
511-152313 132.9980656 +12.0053636               17.406  0.242
510-153428 133.0082806 +11.9989553 17.149  0.058 16.212  0.162
511-152326 133.0105475 +12.0087975
511-152351 133.0503486 +12.0296911 16.057  0.167 15.392  0.057
511-152353 133.0546114 +12.0271356
511-152305 132.9919169 +12.0165417 14.069  0.126 13.683  0.086
511-152306 132.9926331 +12.0320439
511-152309 132.9945658 +12.0147628
511-152310 132.9948436 +12.0320983
511-152320 133.0063570 +12.0176719 14.942  0.121 14.273  0.098
511-152329 133.0158077 +12.0293850 16.362  0.068 15.908  0.146
511-152330 133.0184847 +12.0375164
511-152331 133.0189267 +12.0389444
511-152335 133.0252414 +12.0293275 16.462  0.080 15.682  0.110
511-152338 133.0304953 +12.0474361
511-152340 133.0322528 +12.0484194 15.738  0.111 15.297  0.084
511-152255 132.9262075 +12.0079317
511-152260 132.9319433 +12.0152761 13.898  0.138 13.471  0.080
511-152270 132.9430033 +12.0154039 15.234  0.129 14.763  0.077
511-152275 132.9497044 +12.0268058
511-152230 132.9043097 +12.0235456
511-152232 132.9062294 +12.0134258 15.455  0.149 15.071  0.074
511-152233 132.9085733 +12.0234214 13.287  0.147 12.874  0.093
511-152236 132.9100544 +12.0344142
511-152237 132.9131178 +12.0090697
511-152239 132.9141800 +12.0158575 14.936  0.151 14.455  0.106
511-152245 132.9184287 +12.0306100 12.906  0.152 12.564  0.089
511-152274 132.9486303 +12.0390689
511-152281 132.9636406 +12.0399894 16.979  0.055 16.608  0.001
511-152288 132.9695089 +12.0521750
511-152293 132.9771800 +12.0474200
511-152295 132.9814106 +12.0305542
511-152297 132.9861786 +12.0466103 14.537  0.115 14.113  0.094
511-152307 132.9933794 +12.0385817
511-152304 132.9884000 +12.0669650
511-152311 132.9961094 +12.0522247
511-152316 133.0036522 +12.0607656
511-152317 133.0039506 +12.0518917
511-152321 133.0064783 +12.0650392 14.502  0.099 14.085  0.085
511-152324 133.0090253 +12.0544986
511-152328 133.0143875 +12.0583011 13.223  0.105 12.877  0.093
511-152280 132.9587874 +12.0486442
511-152282 132.9636875 +12.0631894
511-152284 132.9649044 +12.0656781
511-152290 132.9715792 +12.0588694 14.201  0.115 13.810  0.069
511-152286 132.9655628 +12.0796575 13.720  0.095 13.339  0.089
511-152289 132.9699967 +12.0719203 12.956  0.109 12.569  0.087
511-152300 132.9878317 +12.0731022               17.193  0.177
509-150139 132.5553081 +11.7656667
509-150144 132.5610079 +11.7415442 15.682  0.429 14.923  0.017
509-150134 132.5488493 +11.7830564 16.550  0.422 15.696  0.029
509-150154 132.5817122 +11.7624031 15.388  0.425 14.782  0.049
509-150157 132.5846456 +11.7595394
509-150169 132.5996273 +11.7787269 16.601  0.367 15.889  0.040
509-150160 132.5876706 +11.7960994 16.381  0.006 15.938  0.103
510-152802 132.5532928 +11.8051408 16.974  0.055 16.517  0.051
510-152812 132.5647975 +11.8035481
509-150146 132.5634717 +11.7891314
509-150148 132.5653011 +11.7994192
510-152816 132.5708486 +11.8127122
510-152827 132.5791342 +11.8115028
510-152831 132.5838286 +11.8197217 14.002  0.411 13.467  0.020
510-152844 132.5989732 +11.8159772 13.894  0.397 13.429  0.023
510-152797 132.5485972 +11.8252858 17.262  0.001 15.993  0.001
510-152803 132.5540278 +11.8111508
510-152792 132.5434272 +11.8327944
510-152795 132.5481583 +11.8289158
510-152804 132.5542901 +11.8394486 16.485  0.082 15.746  0.075
510-152809 132.5594914 +11.8488294
510-152799 132.5512362 +11.8567864 10.139  0.105  8.882  0.018
510-152801 132.5532686 +11.8502011
510-152850 132.6124161 +11.8086761 13.759  0.386 13.194  0.019
510-152851 132.6139024 +11.8180214
510-152852 132.6145661 +11.8159361
510-152855 132.6179467 +11.8200847
510-152859 132.6210057 +11.8065508
510-152871 132.6319509 +11.8109564
510-152876 132.6387717 +11.8172444 14.920  0.389 14.296  0.014
510-152874 132.6364797 +11.8391439
510-152898 132.6625283 +11.8388214
510-152837 132.5898644 +11.8397506 14.978  0.401 14.338  0.017
510-152840 132.5952183 +11.8299797
510-152857 132.6204767 +11.8414064
510-152861 132.6237483 +11.8547275
510-152865 132.6293372 +11.8545125
510-152872 132.6327853 +11.8546456
510-152873 132.6335658 +11.8572736 16.188  0.497 15.441  0.029
510-152890 132.6550081 +11.8482681 15.674  0.349 15.067  0.023
510-152911 132.6772490 +11.8742183 17.448  0.001 16.399  0.001
510-152926 132.6912894 +11.8671919
510-152928 132.6932791 +11.8713072
510-152929 132.6952175 +11.8827147 15.285  0.320 14.600  0.017
510-152933 132.6964608 +11.8757942
510-152881 132.6468400 +11.8737578
510-152889 132.6547734 +11.8589186
510-152895 132.6616614 +11.8923058 16.227  0.031 15.097  0.001
510-152897 132.6624351 +11.8886086
510-152903 132.6685703 +11.8908544
510-152904 132.6694567 +11.8998072
510-152906 132.6727504 +11.8751819
510-152907 132.6729108 +11.8969000
510-152908 132.6732036 +11.9013542
510-152910 132.6765236 +11.8953639
510-152833 132.5854543 +11.8621961 17.810  0.110 16.788  0.001
510-152842 132.5974342 +11.8662369 15.247  0.421 14.449  0.032
510-152845 132.6014125 +11.8767058 15.862  0.372 15.118  0.038
510-152800 132.5532106 +11.8696542
510-152826 132.5779479 +11.8739772
510-152814 132.5678692 +11.8966572 13.257  0.410 12.743  0.033
510-152819 132.5722736 +11.8869414
510-152828 132.5807656 +11.8909975
510-152832 132.5838344 +11.9050531
510-152839 132.5951211 +11.8952386
510-152856 132.6194997 +11.8916631 17.321  0.074 16.395  0.001
510-152862 132.6257209 +11.8912167
510-152863 132.6268872 +11.9029375
510-152866 132.6301758 +11.8910289 18.056  0.588 16.821  0.041
510-152869 132.6315464 +11.8810417 17.790  0.092 16.773  0.000
510-152875 132.6372694 +11.9108100
510-152878 132.6428819 +11.9032494
510-152880 132.6459464 +11.8984528
510-152882 132.6470805 +11.9199244
510-152888 132.6541194 +11.9012756 14.950  0.343 14.222  0.043
510-152893 132.6584133 +11.9112881 15.219  0.335 14.554  0.021
510-152838 132.5903436 +11.9149431
510-152841 132.5952256 +11.9163042
510-152843 132.5980968 +11.9134689
510-152846 132.6018436 +11.9127258
510-152848 132.6106528 +11.9089992
510-152854 132.6168586 +11.9140294 14.613  0.379 14.043  0.014
510-152858 132.6205450 +11.9199978
510-152864 132.6278561 +11.9337336
510-152810 132.5615189 +11.9181147
510-152811 132.5646547 +11.9138597
510-152815 132.5688103 +11.9129222 15.574  0.434 14.861  0.035
510-152817 132.5719569 +11.9077211
510-152825 132.5765836 +11.9066514 15.320  0.388 14.659  0.031
510-152823 132.5758758 +11.9170861
510-152824 132.5761008 +11.9225344 10.594  0.062  9.643  0.012
510-152834 132.5859160 +11.9435042
510-152847 132.6090778 +11.9554283 14.723  0.360 14.236  0.032
510-152818 132.5719731 +11.9392353
510-152943 132.7078097 +11.8942678
510-152957 132.7208450 +11.9030431 16.266  0.340 15.622  0.021
510-152976 132.7321333 +11.8880958
510-152963 132.7244556 +11.9151528
510-152978 132.7333261 +11.8977500 13.999  0.269 13.519  0.046
510-152986 132.7400497 +11.9207269 13.723  0.264 13.269  0.049
510-152987 132.7413495 +11.8990575
510-152989 132.7417514 +11.9062322
510-152994 132.7432753 +11.8987067
510-153004 132.7476383 +11.9145353
510-153007 132.7507029 +11.9088986 13.216  0.256 12.553  0.043
510-152909 132.6736389 +11.9090411 17.722  0.105 16.683  0.001
510-152922 132.6894647 +11.9221525
510-152923 132.6899567 +11.9265619 16.421  0.292 15.544  0.085
510-152925 132.6909595 +11.9116094
510-152927 132.6930887 +11.9086089 14.036  0.315 13.496  0.040
510-152930 132.6952558 +11.8979406 15.861  0.325 15.127  0.027
510-152931 132.6955297 +11.9101892
510-152937 132.7004303 +11.9132281 14.505  0.308 13.964  0.041
510-152942 132.7073056 +11.9067567 14.389  0.303 13.895  0.037
510-152945 132.7111750 +11.9253769 16.816  0.388 15.799  0.079
510-152948 132.7151814 +11.9178831
510-152965 132.7262146 +11.9208872 15.576  0.306 14.816  0.030
510-152974 132.7318606 +11.9316689
510-153016 132.7566462 +11.9378481 15.356  0.227 14.738  0.067
510-153017 132.7575400 +11.9349989
510-153024 132.7602353 +11.9228136 16.288  0.237 15.516  0.082
510-153052 132.7822819 +11.9418822 15.931  0.218 15.501  0.077
510-153060 132.7842371 +11.9509889
510-153068 132.7880636 +11.9500775 14.964  0.224 14.403  0.054
510-153077 132.7951328 +11.9528075
510-152951 132.7159162 +11.9488397 13.094  0.280 12.624  0.051
510-152962 132.7243094 +11.9460819
510-152966 132.7266099 +11.9413861 13.106  0.264 12.664  0.049
510-152967 132.7268550 +11.9439297
510-152969 132.7290764 +11.9472753
510-152984 132.7377403 +11.9474031 15.410  0.234 14.810  0.068
510-153003 132.7467878 +11.9435511 13.561  0.251 13.083  0.051
510-153006 132.7496763 +11.9443125
510-152990 132.7420694 +11.9680694
510-152993 132.7430727 +11.9707658 14.881  0.247 14.321  0.049
510-153002 132.7465034 +11.9706264
510-153021 132.7589403 +11.9487783
510-153027 132.7618933 +11.9827583 16.740  0.024 15.941  0.029
510-153033 132.7679282 +11.9767022
510-153039 132.7717658 +11.9663286
510-152892 132.6578768 +11.9264033
510-152902 132.6673722 +11.9325353
510-152905 132.6717633 +11.9376861 16.270  0.337 15.438  0.031
510-152913 132.6778681 +11.9388472 15.785  0.322 15.219  0.058
510-152917 132.6836792 +11.9247639
510-152924 132.6899689 +11.9342442               16.882  0.130
510-152934 132.6975728 +11.9605353
510-152868 132.6315194 +11.9494522
510-152883 132.6521544 +11.9640033 15.917  0.344 15.274  0.034
510-152887 132.6537710 +11.9454869
510-152896 132.6621311 +11.9477878
510-152894 132.6611394 +11.9673183 15.717  0.339 15.176  0.055
510-152900 132.6662267 +11.9756447 16.263  0.327 15.477  0.080
510-152912 132.6775372 +11.9547361
510-152914 132.6784433 +11.9612675
510-152939 132.7018614 +11.9744544 14.689  0.286 14.069  0.043
510-152955 132.7193283 +11.9802378 16.575  0.226 15.750  0.066
510-152956 132.7207412 +11.9696322
510-152952 132.7164156 +11.9865122
510-152972 132.7310528 +11.9741300
510-152983 132.7375717 +11.9877239 13.447  0.230 12.984  0.047
510-152985 132.7390603 +11.9848125
510-152988 132.7414618 +11.9974525
510-152992 132.7423217 +11.9835339
510-152996 132.7436897 +11.9942819 14.600  0.244 14.095  0.053
510-152918 132.6855569 +11.9902725 14.843  0.277 14.314  0.042
510-152919 132.6872003 +11.9968436
510-152921 132.6892444 +11.9969319
510-152935 132.6998242 +11.9852267 15.413  0.298 14.801  0.055
510-152938 132.7017214 +11.9963367 15.994  0.328 15.210  0.020
510-152940 132.7028806 +11.9825592
511-152047 132.7028714 +12.0025169 13.101  0.255 12.653  0.049
511-152049 132.7049392 +12.0071147
511-152054 132.7116019 +12.0117419
511-152060 132.7156689 +12.0068475 13.783  0.251 13.319  0.036
511-152063 132.7173697 +12.0194939 17.697  0.113
511-152069 132.7246475 +12.0066664
511-152070 132.7250689 +12.0102508 15.508  0.276 14.758  0.074
511-152071 132.7266611 +12.0091392
510-153066 132.7868564 +11.9648942 14.581  0.228 14.103  0.040
510-153079 132.7970876 +11.9558742 16.271  0.255 15.514  0.043
510-153088 132.8009357 +11.9808819
510-153098 132.8040653 +11.9502356 14.838  0.219 14.303  0.037
510-153099 132.8052211 +11.9646236 17.613  0.001 16.354  0.001
510-153106 132.8082228 +11.9594861 15.660  0.211 15.016  0.049
510-153115 132.8134786 +11.9770653 14.177  0.208 13.795  0.052
510-153109 132.8107631 +11.9858981
510-153117 132.8139131 +11.9900203
510-153166 132.8395636 +11.9846394
510-153178 132.8422867 +11.9858406 14.034  0.001 13.539  0.001
510-153036 132.7692803 +11.9943028
510-153046 132.7776872 +11.9846981
510-153047 132.7790514 +11.9959747
510-153048 132.7793764 +11.9769053
510-153054 132.7825944 +11.9931481
510-153055 132.7831084 +11.9814689 15.146  0.220 14.561  0.033
510-153072 132.7903934 +11.9867267 13.259  0.233 12.792  0.045
510-153073 132.7920914 +11.9909464
511-152124 132.7814711 +12.0062283
511-152157 132.8201112 +12.0078658
511-152171 132.8434656 +12.0048425
511-152180 132.8515604 +12.0157356
511-152183 132.8541614 +12.0005064
511-152178 132.8504217 +12.0251533 15.416  0.208 14.803  0.101
511-152204 132.8753603 +12.0252828
511-152208 132.8783625 +12.0211450
511-152159 132.8271003 +12.0336131 16.922  0.095 16.091  0.122
511-152160 132.8281161 +12.0089703
511-152161 132.8289481 +12.0344900
511-152166 132.8369741 +12.0456136
511-152170 132.8434550 +12.0508097
511-152173 132.8464057 +12.0315564
511-152174 132.8468100 +12.0477953
511-152181 132.8517725 +12.0346122
511-152185 132.8553997 +12.0490014 14.258  0.205 13.433  0.128
511-152089 132.7435722 +12.0055786 16.690  0.043 16.180  0.001
511-152105 132.7621186 +12.0059933 14.796  0.198 13.988  0.062
511-152113 132.7720867 +12.0303375
511-152116 132.7735622 +12.0251675
511-152120 132.7753145 +12.0326578
511-152122 132.7765189 +12.0280506
511-152125 132.7821314 +12.0415422
511-152126 132.7837800 +12.0184597 13.945  0.214 13.481  0.050
511-152132 132.7927644 +12.0254131 16.828  0.343 15.739  0.053
511-152134 132.7967238 +12.0257417
511-152077 132.7316800 +12.0122739 16.000  0.225 15.259  0.014
511-152086 132.7403367 +12.0112697 16.205  0.075 15.557  0.048
511-152099 132.7546914 +12.0234208 11.884  0.209 11.285  0.046
511-152090 132.7447517 +12.0394806
511-152114 132.7721361 +12.0503417 13.162  0.190 12.716  0.051
511-152131 132.7918311 +12.0364647
511-152133 132.7956375 +12.0328228
511-152141 132.8080100 +12.0642556
511-152147 132.8104222 +12.0690606 15.430  0.153 14.842  0.059
511-152149 132.8113261 +12.0565014
511-152150 132.8123525 +12.0665867
511-152153 132.8170289 +12.0719128
511-152163 132.8320228 +12.0594411 15.894  0.148 15.312  0.063
511-152112 132.7695481 +12.0719956 13.853  0.181 13.417  0.041
511-152128 132.7877197 +12.0505917 14.020  0.184 13.591  0.053
511-152139 132.8063114 +12.0891872
511-152158 132.8214211 +12.0809856 17.342  0.052 16.316  0.093
510-152867 132.6314633 +11.9813553 15.720  0.372 15.192  0.059
510-152870 132.6316078 +11.9752236
510-152877 132.6390064 +11.9815047 16.770  0.001 16.428  0.001
510-152879 132.6445028 +11.9875758
510-152901 132.6670572 +11.9845753 17.049  0.001
510-152849 132.6118994 +11.9791422
510-152853 132.6152183 +11.9771422
510-152860 132.6227463 +11.9969375 18.521  0.209 17.175  0.001
510-152915 132.6806953 +11.9981475
511-151999 132.6565436 +12.0069875 16.411  0.310 15.664  0.083
511-152003 132.6601869 +12.0020875
511-152012 132.6704556 +12.0241431 15.623  0.281 15.087  0.038
511-152014 132.6722258 +12.0222486
511-152017 132.6781769 +12.0214953
511-152025 132.6850886 +12.0303292
511-152031 132.6888292 +12.0344994
511-152035 132.6924531 +12.0328150 13.743  0.242 13.291  0.048
511-152037 132.6931483 +12.0300536
511-152045 132.7021306 +12.0150372 15.545  0.274 14.898  0.033
511-152053 132.7093192 +12.0252058
511-151983 132.6383632 +12.0214322
511-151995 132.6505156 +12.0404000 14.490  0.278 13.647  0.046
511-151997 132.6548882 +12.0229719 16.490  0.001 15.888  0.086
511-152000 132.6573111 +12.0436378 15.718  0.259 15.289  0.021
511-152007 132.6647903 +12.0425217
511-152010 132.6681921 +12.0439972
511-152016 132.6775461 +12.0527744 13.688  0.247 13.251  0.046
511-152021 132.6787292 +12.0403878
511-152027 132.6871552 +12.0405364 16.496  0.332 15.568  0.053
511-152051 132.7075847 +12.0393975 16.884  0.052 16.666  0.001
511-152052 132.7092808 +12.0517278
511-152056 132.7134389 +12.0269722
511-152057 132.7144494 +12.0500828
511-152066 132.7192589 +12.0602586
511-152067 132.7208945 +12.0608075 14.672  0.241 14.080  0.042
511-152072 132.7269844 +12.0583908
511-152080 132.7353874 +12.0655983
511-152091 132.7462050 +12.0717983 14.122  0.192 13.746  0.061
511-152093 132.7475429 +12.0553375 15.592  0.191 14.894  0.053
511-152044 132.7015494 +12.0643617
511-152046 132.7025628 +12.0614622 13.952  0.213 13.518  0.060
511-152058 132.7144983 +12.0767139
511-152088 132.7414458 +12.0830694 16.903  0.159 15.934  0.063
511-152098 132.7539335 +12.0730769 17.012  0.260 15.851  0.064
511-152103 132.7613651 +12.0659325 17.023  0.258 16.271  0.001
511-152129 132.7888761 +12.1046742
511-152082 132.7383035 +12.0934361 14.280  0.196 13.847  0.059
511-152217 132.8898219 +12.0366175
511-152226 132.9015353 +12.0477667
511-152228 132.9027047 +12.0537550
511-152231 132.9055820 +12.0553892 13.989  0.131 13.598  0.087
511-152240 132.9147111 +12.0548881
511-152244 132.9177907 +12.0735483 15.863  0.119 15.229  0.086
511-152251 132.9233197 +12.0621803
511-152193 132.8665811 +12.0722000 12.489  0.133 12.088  0.088
511-152194 132.8678786 +12.0710800
511-152196 132.8682597 +12.0545736 13.355  0.149 12.829  0.075
511-152200 132.8718534 +12.0705867
511-152207 132.8781081 +12.0711092 15.070  0.139 14.569  0.099
511-152212 132.8815283 +12.0634319
511-152211 132.8791595 +12.0884375
511-152214 132.8850675 +12.0735072
511-152219 132.8933640 +12.0868919 16.704  0.033 16.140  0.068
511-152248 132.9209342 +12.0787336 16.381  0.187 16.075  0.132
511-152254 132.9257789 +12.0758783
511-152259 132.9314833 +12.0935564
511-152262 132.9326138 +12.0885458
511-152269 132.9421164 +12.0841500
511-152234 132.9090997 +12.0872992
511-152235 132.9092550 +12.0854247 14.041  0.118 13.638  0.094
511-152241 132.9156086 +12.0977122 16.231  0.158 15.506  0.083
511-152242 132.9163547 +12.0906964
511-152250 132.9222947 +12.0958194
511-152253 132.9249675 +12.0940253
511-152165 132.8367872 +12.0919706 16.142  0.128 15.624  0.072
511-152186 132.8588564 +12.0874772
511-152175 132.8477572 +12.1010942
511-152179 132.8511494 +12.0990411 16.258  0.141 15.509  0.090
511-152187 132.8595361 +12.1060444
511-152188 132.8635967 +12.1068803
511-152202 132.8722467 +12.0921511
511-152213 132.8823717 +12.0971253 17.165  0.001 15.685  0.001
511-152155 132.8177692 +12.1068081
511-152220 132.8937981 +12.1041369